1982  01  -0.88
1982  02  0.97
1982  03  1.07
1982  04  1.45
1982  05  -0.21
1982  06  -1.18
1982  07  0.01
1982  08  0.36
1982  09  0.56
1982  10  -0.21
1982  11  0.66
1982  12  0.97
1983  01  1.36
1983  02  -1.81
1983  03  -0.57
1983  04  -0.74
1983  05  -0.44
1983  06  0.31
1983  07  0.13
1983  08  1.10
1983  09  0.17
1983  10  1.37
1983  11  -0.69
1983  12  0.19
1984  01  0.91
1984  02  -0.30
1984  03  -2.39
1984  04  -0.28
1984  05  0.48
1984  06  0.01
1984  07  0.02
1984  08  0.47
1984  09  -0.41
1984  10  -0.27
1984  11  -0.97
1984  12  0.45
1985  01  -2.81
1985  02  -1.44
1985  03  0.55
1985  04  0.65
1985  05  -0.43
1985  06  -0.35
1985  07  -0.39
1985  08  -0.00
1985  09  0.11
1985  10  1.03
1985  11  -1.22
1985  12  -1.95
1986  01  -0.57
1986  02  -2.90
1986  03  1.93
1986  04  0.10
1986  05  0.37
1986  06  0.54
1986  07  -0.01
1986  08  -0.83
1986  09  -0.02
1986  10  1.43
1986  11  0.93
1986  12  0.06
1987  01  -1.15
1987  02  -1.47
1987  03  -1.75
1987  04  0.39
1987  05  0.33
1987  06  -0.71
1987  07  -0.47
1987  08  -0.84
1987  09  0.29
1987  10  -0.08
1987  11  -0.54
1987  12  -0.53
1988  01  0.27
1988  02  -1.07
1988  03  -0.20
1988  04  -0.56
1988  05  -0.85
1988  06  0.06
1988  07  -0.14
1988  08  0.26
1988  09  1.04
1988  10  0.03
1988  11  -0.04
1988  12  1.68
1989  01  3.11
1989  02  3.28
1989  03  1.53
1989  04  -0.25
1989  05  0.89
1989  06  0.34
1989  07  0.87
1989  08  0.55
1989  09  0.70
1989  10  0.99
1989  11  0.03
1989  12  -0.64
1990  01  1.00
1990  02  3.40
1990  03  2.99
1990  04  1.88
1990  05  0.94
1990  06  0.30
1990  07  -0.30
1990  08  -0.18
1990  09  -0.21
1990  10  0.66
1990  11  0.52
1990  12  1.28
1991  01  0.72
1991  02  -0.88
1991  03  -0.53
1991  04  0.53
1991  05  0.49
1991  06  -0.12
1991  07  -0.19
1991  08  0.80
1991  09  -0.11
1991  10  -0.25
1991  11  0.28
1991  12  1.61
1992  01  0.55
1992  02  1.12
1992  03  0.98
1992  04  -0.52
1992  05  1.34
1992  06  -0.30
1992  07  0.19
1992  08  0.54
1992  09  -0.64
1992  10  -0.37
1992  11  0.72
1992  12  1.63
1993  01  3.50
1993  02  0.18
1993  03  0.76
1993  04  -0.43
1993  05  -1.61
1993  06  -0.52
1993  07  -0.51
1993  08  -0.39
1993  09  -0.36
1993  10  -0.56
1993  11  1.00
1993  12  -0.10
1994  01  -0.29
1994  02  -0.86
1994  03  1.88
1994  04  0.23
1994  05  -0.12
1994  06  1.61
1994  07  0.35
1994  08  0.83
1994  09  -0.08
1994  10  0.17
1994  11  1.78
1994  12  0.89
1995  01  -0.15
1995  02  1.43
1995  03  0.39
1995  04  -0.96
1995  05  -0.89
1995  06  -0.11
1995  07  -0.22
1995  08  0.54
1995  09  -0.55
1995  10  0.07
1995  11  -0.72
1995  12  -2.13
1996  01  -1.20
1996  02  0.16
1996  03  -1.48
1996  04  -1.52
1996  05  -0.23
1996  06  0.50
1996  07  0.71
1996  08  0.12
1996  09  -1.14
1996  10  0.18
1996  11  0.14
1996  12  -1.72
1997  01  -0.46
1997  02  1.89
1997  03  1.09
1997  04  0.32
1997  05  -0.96
1997  06  -0.81
1997  07  -0.43
1997  08  0.12
1997  09  0.20
1997  10  -0.70
1997  11  -0.66
1997  12  -0.07
1998  01  -2.08
1998  02  -0.18
1998  03  -0.25
1998  04  -0.04
1998  05  0.43
1998  06  -0.71
1998  07  -0.21
1998  08  0.65
1998  09  -1.05
1998  10  0.29
1998  11  -1.45
1998  12  1.35
1999  01  0.11
1999  02  0.48
1999  03  -1.49
1999  04  0.28
1999  05  0.23
1999  06  0.71
1999  07  -0.00
1999  08  -0.67
1999  09  0.06
1999  10  -0.01
1999  11  0.61
1999  12  1.04
2000  01  1.27
2000  02  1.08
2000  03  -0.45
2000  04  -0.28
2000  05  0.97
2000  06  0.59
2000  07  -0.65
2000  08  0.14
2000  09  0.40
2000  10  0.32
2000  11  -1.58
2000  12  -2.35
2001  01  -0.96
2001  02  -0.62
2001  03  -1.69
2001  04  0.91
2001  05  0.45
2001  06  -0.01
2001  07  -0.03
2001  08  0.52
2001  09  -0.71
2001  10  0.71
2001  11  0.82
2001  12  -1.32
2002  01  1.38
2002  02  1.30
2002  03  0.90
2002  04  0.75
2002  05  0.40
2002  06  0.57
2002  07  0.33
2002  08  -0.23
2002  09  -0.04
2002  10  -1.49
2002  11  -1.43
2002  12  -1.59
2003  01  -0.47
2003  02  0.13
2003  03  0.93
2003  04  -0.18
2003  05  1.02
2003  06  -0.10
2003  07  0.07
2003  08  -0.28
2003  09  0.47
2003  10  -0.67
2003  11  0.64
2003  12  0.27
2004  01  -1.69
2004  02  -1.53
2004  03  0.32
2004  04  -0.41
2004  05  -0.09
2004  06  -0.24
2004  07  -0.20
2004  08  -0.72
2004  09  0.85
2004  10  -0.52
2004  11  0.68
2004  12  1.23
2005  01  0.36
2005  02  -1.27
2005  03  -1.35
2005  04  -0.05
2005  05  -0.76
2005  06  -0.38
2005  07  -0.03
2005  08  0.03
2005  09  0.80
2005  10  0.03
2005  11  0.23
2005  12  -2.10
2006  01  -0.17
2006  02  -0.16
2006  03  -1.60
2006  04  0.14
2006  05  0.16
2006  06  1.07
2006  07  0.10
2006  08  -0.27
2006  09  0.61
2006  10  -1.03
2006  11  0.52
2006  12  2.28
2007  01  2.03
2007  02  -1.31
2007  03  1.18
2007  04  0.54
2007  05  0.89
2007  06  -0.56
2007  07  -0.40
2007  08  -0.03
2007  09  0.18
2007  10  0.38
2007  11  -0.52
2007  12  0.82
2008  01  0.82
2008  02  0.94
2008  03  0.59
2008  04  -0.46
2008  05  -1.21
2008  06  -0.09
2008  07  -0.48
2008  08  -0.08
2008  09  -0.33
2008  10  1.68
2008  11  0.09
2008  12  0.65
2009  01  0.80
2009  02  -0.67
2009  03  0.12
2009  04  0.97
2009  05  1.19
2009  06  -1.35
2009  07  -1.36
2009  08  -0.05
2009  09  0.88
2009  10  -1.54
2009  11  0.46
2009  12  -3.41
2010  01  -2.59
2010  02  -4.27
2010  03  -0.43
2010  04  -0.28
2010  05  -0.92
2010  06  -0.01
2010  07  0.43
2010  08  -0.12
2010  09  -0.86
2010  10  -0.47
2010  11  -0.38
2010  12  -2.63
2011  01  -1.68
2011  02  1.57
2011  03  1.42
2011  04  2.27
2011  05  -0.04
2011  06  -0.86
2011  07  -0.47
2011  08  -1.06
2011  09  0.67
2011  10  0.80
2011  11  1.46
2011  12  2.22
2012  01  -0.22
2012  02  -0.04
2012  03  1.04
2012  04  -0.04
2012  05  0.17
2012  06  -0.67
2012  07  0.17
2012  08  0.01
2012  09  0.77
2012  10  -1.51
2012  11  -0.11
2012  12  -1.75
2013  01  -0.61
2013  02  -1.01
2013  03  -3.19
2013  04  0.32
2013  05  0.49
2013  06  0.55
2013  07  -0.01
2013  08  0.15
2013  09  -0.46
2013  10  0.26
2013  11  2.03
2013  12  1.48
2014  01  -0.97
2014  02  0.04
2014  03  1.21
2014  04  0.97
2014  05  0.46
2014  06  -0.51
2014  07  -0.49
2014  08  -0.37
2014  09  0.10
2014  10  -1.13
2014  11  -0.53
2014  12  0.41
2015  01  1.09
2015  02  1.04
2015  03  1.84
2015  04  1.22
2015  05  0.76
2015  06  0.43
2015  07  -1.11
2015  08  -0.69
2015  09  -0.17
2015  10  -0.25
2015  11  1.95
2015  12  1.44
2016  01  -1.45
2016  02  -0.02
2016  03  0.28
2016  04  -1.05
2016  05  -0.04
2016  06  0.31
2016  07  0.09
2016  08  0.47
2016  09  0.78
2016  10  -1.92
2016  11  -0.61
2016  12  1.79
2017  01  0.94
2017  02  0.34
2017  03  1.36
2017  04  -0.09
2017  05  -0.73
2017  06  0.40
2017  07  0.63
2017  08  0.15
2017  09  -0.49
2017  10  0.69
2017  11  -0.08
2017  12  -0.06
2018  01  -0.28
2018  02  0.11
2018  03  -0.94
2018  04  0.54
2018  05  1.18
2018  06  0.38
2018  07  0.61
2018  08  0.84
2018  09  0.58
2018  10  0.41
2018  11  -1.12
2018  12  0.11
2019  01  -0.71
2019  02  1.15
2019  03  2.12
2019  04  -0.26
2019  05  -1.23
2019  06  -0.60
2019  07  -0.89
2019  08  -0.72
2019  09  0.31
2019  10  -0.08
2019  11  -1.19
2019  12  0.41
