1982  01  -0.67
1982  02  -0.31
1982  03  -0.17
1982  04  -0.17
1982  05  -0.05
1982  06  0.44
1982  07  2.22
1982  08  1.65
1982  09  1.89
1982  10  1.95
1982  11  2.96
1982  12  1.96
1983  01  2.47
1983  02  2.06
1983  03  1.55
1983  04  1.44
1983  05  1.54
1983  06  1.42
1983  07  -1.06
1983  08  -0.05
1983  09  -0.53
1983  10  -0.72
1983  11  -0.56
1983  12  -0.86
1984  01  -1.25
1984  02  -1.33
1984  03  -0.85
1984  04  -1.44
1984  05  -1.62
1984  06  -1.13
1984  07  -1.00
1984  08  -1.28
1984  09  -1.37
1984  10  -0.67
1984  11  0.11
1984  12  -0.61
1985  01  -0.07
1985  02  -0.86
1985  03  0.13
1985  04  -0.88
1985  05  -1.27
1985  06  -0.65
1985  07  -0.50
1985  08  -0.53
1985  09  -0.86
1985  10  -0.52
1985  11  -0.70
1985  12  -0.29
1986  01  -1.19
1986  02  -0.54
1986  03  -1.62
1986  04  -1.08
1986  05  0.21
1986  06  -0.20
1986  07  -0.03
1986  08  0.07
1986  09  0.02
1986  10  0.08
1986  11  0.14
1986  12  1.81
1987  01  0.51
1987  02  1.11
1987  03  1.52
1987  04  2.02
1987  05  2.15
1987  06  1.30
1987  07  2.22
1987  08  0.76
1987  09  1.73
1987  10  0.80
1987  11  0.31
1987  12  0.34
1988  01  0.04
1988  02  0.06
1988  03  -0.83
1988  04  0.50
1988  05  -0.82
1988  06  -0.74
1988  07  -0.58
1988  08  -1.22
1988  09  -1.19
1988  10  -1.10
1988  11  -1.85
1988  12  -0.87
1989  01  -0.78
1989  02  -0.87
1989  03  -0.77
1989  04  -0.65
1989  05  -0.72
1989  06  -0.01
1989  07  -0.22
1989  08  -0.78
1989  09  0.00
1989  10  -0.71
1989  11  -0.25
1989  12  0.26
1990  01  0.09
1990  02  0.98
1990  03  0.74
1990  04  0.48
1990  05  0.17
1990  06  -0.54
1990  07  0.31
1990  08  0.36
1990  09  -0.04
1990  10  -0.16
1990  11  0.28
1990  12  0.72
1991  01  -0.02
1991  02  -0.07
1991  03  0.63
1991  04  -0.03
1991  05  0.78
1991  06  1.27
1991  07  0.84
1991  08  0.96
1991  09  0.91
1991  10  0.70
1991  11  1.52
1991  12  0.59
1992  01  2.36
1992  02  1.62
1992  03  2.57
1992  04  1.66
1992  05  1.72
1992  06  0.84
1992  07  0.04
1992  08  -0.11
1992  09  0.43
1992  10  -0.91
1992  11  0.62
1992  12  0.36
1993  01  0.17
1993  02  0.71
1993  03  0.71
1993  04  1.34
1993  05  1.12
1993  06  0.73
1993  07  0.21
1993  08  0.58
1993  09  0.15
1993  10  0.78
1993  11  0.17
1993  12  0.15
1994  01  0.13
1994  02  -0.14
1994  03  -0.81
1994  04  0.27
1994  05  0.16
1994  06  0.60
1994  07  1.02
1994  08  0.71
1994  09  1.28
1994  10  1.28
1994  11  0.85
1994  12  1.15
1995  01  0.35
1995  02  -0.10
1995  03  -0.52
1995  04  0.39
1995  05  0.14
1995  06  -0.10
1995  07  -0.17
1995  08  -1.37
1995  09  -1.14
1995  10  -0.51
1995  11  -1.22
1995  12  -0.91
1996  01  -0.99
1996  02  -1.23
1996  03  -0.22
1996  04  -0.64
1996  05  -0.41
1996  06  -0.16
1996  07  -0.43
1996  08  -0.51
1996  09  -0.44
1996  10  -0.97
1996  11  -0.64
1996  12  -1.05
1997  01  0.18
1997  02  -0.90
1997  03  1.26
1997  04  1.25
1997  05  2.14
1997  06  3.53
1997  07  1.96
1997  08  2.99
1997  09  3.06
1997  10  3.20
1997  11  2.13
1997  12  2.28
1998  01  2.48
1998  02  1.97
1998  03  1.35
1998  04  1.12
1998  05  1.01
1998  06  -0.88
1998  07  -0.27
1998  08  -0.97
1998  09  -1.17
1998  10  -1.01
1998  11  -1.08
1998  12  -0.98
1999  01  -1.15
1999  02  -0.80
1999  03  -0.98
1999  04  -1.70
1999  05  -1.31
1999  06  -0.61
1999  07  -0.96
1999  08  -1.30
1999  09  -0.29
1999  10  -0.92
1999  11  -0.74
1999  12  -1.07
2000  01  -1.00
2000  02  -0.95
2000  03  -0.75
2000  04  -0.98
2000  05  -0.69
2000  06  -1.63
2000  07  0.05
2000  08  -1.16
2000  09  0.29
2000  10  -1.17
2000  11  -0.71
2000  12  -0.47
2001  01  -0.94
2001  02  -1.10
2001  03  -0.98
2001  04  -0.87
2001  05  -0.18
2001  06  -0.98
2001  07  0.47
2001  08  -0.18
2001  09  0.10
2001  10  -0.40
2001  11  -0.74
2001  12  0.37
2002  01  -0.05
2002  02  0.60
2002  03  0.27
2002  04  -0.13
2002  05  0.21
2002  06  0.45
2002  07  1.70
2002  08  0.94
2002  09  1.78
2002  10  1.50
2002  11  0.91
2002  12  1.53
2003  01  0.82
2003  02  0.22
2003  03  -0.05
2003  04  0.30
2003  05  -0.30
2003  06  1.10
2003  07  -0.47
2003  08  -0.05
2003  09  -0.56
2003  10  -0.36
2003  11  0.09
2003  12  -0.43
2004  01  0.28
2004  02  -0.13
2004  03  0.03
2004  04  0.96
2004  05  -1.52
2004  06  0.39
2004  07  -0.02
2004  08  1.56
2004  09  -0.02
2004  10  0.38
2004  11  0.54
2004  12  0.37
2005  01  -0.09
2005  02  1.11
2005  03  -0.09
2005  04  -0.08
2005  05  0.15
2005  06  0.34
2005  07  -0.75
2005  08  -0.06
2005  09  -0.47
2005  10  -0.51
2005  11  -0.85
2005  12  -1.16
2006  01  -0.61
2006  02  -0.88
2006  03  -0.89
2006  04  -1.05
2006  05  -0.18
2006  06  -0.78
2006  07  0.44
2006  08  0.34
2006  09  0.10
2006  10  1.35
2006  11  1.55
2006  12  0.42
2007  01  0.22
2007  02  0.09
2007  03  -0.21
2007  04  -0.39
2007  05  -0.20
2007  06  -0.71
2007  07  -1.41
2007  08  -0.61
2007  09  -0.95
2007  10  -0.45
2007  11  -0.79
2007  12  -0.98
2008  01  -0.25
2008  02  -1.18
2008  03  -1.10
2008  04  -1.31
2008  05  -0.68
2008  06  -0.88
2008  07  -0.84
2008  08  -0.80
2008  09  -0.48
2008  10  -0.88
2008  11  -1.17
2008  12  -1.16
2009  01  -0.69
2009  02  -0.96
2009  03  -0.70
2009  04  -0.87
2009  05  -0.63
2009  06  0.30
2009  07  0.32
2009  08  0.87
2009  09  0.29
2009  10  0.71
2009  11  -0.25
2009  12  1.22
2010  01  1.01
2010  02  2.01
2010  03  0.62
2010  04  0.66
2010  05  -0.19
2010  06  -0.81
2010  07  -1.18
2010  08  -1.69
2010  09  -1.17
2010  10  -1.39
2010  11  -0.83
2010  12  -1.00
2011  01  -0.96
2011  02  -0.98
2011  03  -1.67
2011  04  -1.10
2011  05  -0.95
2011  06  -1.14
2011  07  -0.42
2011  08  -0.05
2011  09  -0.74
2011  10  -0.23
2011  11  -0.45
2011  12  -1.29
2012  01  -0.74
2012  02  -0.53
2012  03  -1.37
2012  04  -0.41
2012  05  -1.04
2012  06  -0.56
2012  07  -0.68
2012  08  0.28
2012  09  0.05
2012  10  0.17
2012  11  -0.19
2012  12  -0.15
2013  01  -0.49
2013  02  -0.79
2013  03  0.29
2013  04  0.88
2013  05  -0.87
2013  06  -0.72
2013  07  -2.06
2013  08  -0.75
2013  09  -0.75
2013  10  -0.18
2013  11  -0.46
2013  12  -0.81
2014  01  -0.30
2014  02  0.46
2014  03  0.77
2014  04  1.31
2014  05  0.66
2014  06  0.51
2014  07  0.11
2014  08  0.14
2014  09  0.21
2014  10  0.56
2014  11  0.16
2014  12  -0.36
2015  01  -0.01
2015  02  -0.03
2015  03  0.95
2015  04  1.24
2015  05  3.02
2015  06  1.60
2015  07  3.77
2015  08  2.33
2015  09  2.19
2015  10  2.31
2015  11  0.95
2015  12  2.06
2016  01  2.26
2016  02  1.73
2016  03  1.18
2016  04  0.99
2016  05  0.07
2016  06  -0.51
2016  07  -0.96
2016  08  -0.31
2016  09  -1.35
2016  10  -1.22
2016  11  -0.49
2016  12  -0.67
2017  01  -1.00
2017  02  -0.64
2017  03  -0.76
2017  04  -0.43
2017  05  -1.02
2017  06  -0.76
2017  07  -1.38
2017  08  -0.50
2017  09  -1.37
2017  10  -0.67
2017  11  -1.13
2017  12  -0.72
2018  01  -0.85
2018  02  -0.24
2018  03  -0.47
2018  04  -0.32
2018  05  -0.12
2018  06  0.18
2018  07  -0.05
2018  08  0.11
2018  09  0.12
2018  10  0.27
2018  11  0.37
2018  12  0.29
2019  01  0.19
2019  02  1.29
2019  03  1.02
2019  04  0.30
2019  05  1.10
2019  06  -0.32
2019  07  0.75
2019  08  0.60
2019  09  1.11
2019  10  0.27
2019  11  1.03
2019  12  0.46
