1982  01  -1.55
1982  02  0.86
1982  03  0.80
1982  04  -0.04
1982  05  -0.44
1982  06  -1.34
1982  07  1.18
1982  08  0.21
1982  09  1.86
1982  10  -0.29
1982  11  1.55
1982  12  1.56
1983  01  1.34
1983  02  -1.04
1983  03  0.59
1983  04  -1.07
1983  05  -0.01
1983  06  1.31
1983  07  1.22
1983  08  1.95
1983  09  -0.95
1983  10  1.22
1983  11  -1.16
1983  12  0.18
1984  01  1.42
1984  02  0.37
1984  03  -0.79
1984  04  -0.45
1984  05  0.55
1984  06  -0.12
1984  07  -0.04
1984  08  1.35
1984  09  0.31
1984  10  0.43
1984  11  -0.20
1984  12  -0.09
1985  01  -2.38
1985  02  -1.00
1985  03  -0.19
1985  04  0.20
1985  05  -0.40
1985  06  -0.50
1985  07  1.25
1985  08  -0.74
1985  09  -0.36
1985  10  1.49
1985  11  -0.84
1985  12  0.11
1986  01  0.78
1986  02  -1.58
1986  03  1.39
1986  04  -0.79
1986  05  0.84
1986  06  1.54
1986  07  0.15
1986  08  -1.53
1986  09  -0.95
1986  10  2.20
1986  11  2.27
1986  12  0.83
1987  01  -1.85
1987  02  -1.27
1987  03  -0.26
1987  04  2.03
1987  05  0.96
1987  06  -1.53
1987  07  0.55
1987  08  -1.19
1987  09  -1.04
1987  10  0.66
1987  11  0.06
1987  12  0.21
1988  01  0.68
1988  02  0.42
1988  03  -0.58
1988  04  -1.42
1988  05  0.64
1988  06  1.19
1988  07  -0.32
1988  08  -0.07
1988  09  -0.82
1988  10  -0.66
1988  11  -0.49
1988  12  0.48
1989  01  0.85
1989  02  1.82
1989  03  1.54
1989  04  0.16
1989  05  1.33
1989  06  0.03
1989  07  1.00
1989  08  -0.11
1989  09  2.15
1989  10  0.48
1989  11  0.03
1989  12  -1.15
1990  01  0.70
1990  02  1.16
1990  03  1.13
1990  04  2.03
1990  05  -1.37
1990  06  0.29
1990  07  0.56
1990  08  1.12
1990  09  1.18
1990  10  0.76
1990  11  -0.39
1990  12  0.11
1991  01  0.49
1991  02  0.74
1991  03  -0.61
1991  04  0.17
1991  05  0.12
1991  06  -0.52
1991  07  -0.46
1991  08  1.46
1991  09  0.61
1991  10  0.30
1991  11  0.37
1991  12  0.34
1992  01  -0.66
1992  02  0.77
1992  03  0.51
1992  04  1.88
1992  05  2.49
1992  06  0.51
1992  07  0.19
1992  08  0.97
1992  09  -0.28
1992  10  -1.40
1992  11  1.12
1992  12  0.35
1993  01  1.35
1993  02  0.12
1993  03  0.30
1993  04  0.91
1993  05  -0.67
1993  06  -0.29
1993  07  -3.14
1993  08  0.03
1993  09  -0.41
1993  10  -0.26
1993  11  2.56
1993  12  1.36
1994  01  0.70
1994  02  0.08
1994  03  0.92
1994  04  1.10
1994  05  -0.48
1994  06  1.84
1994  07  1.34
1994  08  0.36
1994  09  -1.14
1994  10  -0.54
1994  11  0.54
1994  12  1.78
1995  01  0.57
1995  02  0.85
1995  03  0.91
1995  04  -1.07
1995  05  -1.33
1995  06  0.44
1995  07  -0.19
1995  08  0.76
1995  09  0.45
1995  10  0.72
1995  11  -1.59
1995  12  -1.64
1996  01  -0.65
1996  02  -0.52
1996  03  -0.66
1996  04  -0.33
1996  05  -0.93
1996  06  0.87
1996  07  0.70
1996  08  1.19
1996  09  -0.69
1996  10  0.15
1996  11  -0.72
1996  12  -1.40
1997  01  -1.08
1997  02  1.48
1997  03  1.13
1997  04  -1.25
1997  05  -0.21
1997  06  -1.17
1997  07  0.37
1997  08  0.94
1997  09  0.74
1997  10  -1.34
1997  11  -1.08
1997  12  -0.98
1998  01  -0.05
1998  02  -0.57
1998  03  0.51
1998  04  -0.88
1998  05  -1.17
1998  06  -2.44
1998  07  -0.45
1998  08  -0.15
1998  09  -1.80
1998  10  0.20
1998  11  -0.43
1998  12  0.72
1999  01  0.39
1999  02  -0.11
1999  03  -0.16
1999  04  -1.18
1999  05  0.90
1999  06  1.44
1999  07  -0.87
1999  08  0.38
1999  09  0.50
1999  10  0.73
1999  11  0.55
1999  12  1.40
2000  01  0.19
2000  02  1.48
2000  03  0.40
2000  04  -0.18
2000  05  1.52
2000  06  0.28
2000  07  -1.00
2000  08  -0.50
2000  09  -0.06
2000  10  1.51
2000  11  -1.10
2000  12  -0.63
2001  01  -0.22
2001  02  0.07
2001  03  -1.73
2001  04  -0.15
2001  05  0.03
2001  06  0.11
2001  07  -0.22
2001  08  -0.22
2001  09  -0.49
2001  10  0.25
2001  11  0.53
2001  12  -0.86
2002  01  0.00
2002  02  0.80
2002  03  0.32
2002  04  1.14
2002  05  -0.15
2002  06  0.69
2002  07  0.65
2002  08  0.36
2002  09  -0.54
2002  10  -1.97
2002  11  -0.32
2002  12  -0.96
2003  01  -0.32
2003  02  0.26
2003  03  -0.07
2003  04  -0.34
2003  05  0.06
2003  06  0.24
2003  07  0.16
2003  08  -0.22
2003  09  0.16
2003  10  -0.86
2003  11  0.77
2003  12  0.50
2004  01  -0.85
2004  02  -0.60
2004  03  0.67
2004  04  1.11
2004  05  0.23
2004  06  -0.59
2004  07  1.16
2004  08  -0.74
2004  09  0.52
2004  10  -0.69
2004  11  0.63
2004  12  1.03
2005  01  1.26
2005  02  -0.51
2005  03  -2.32
2005  04  -0.47
2005  05  -1.11
2005  06  0.26
2005  07  -0.48
2005  08  0.35
2005  09  0.76
2005  10  -0.55
2005  11  -0.46
2005  12  -0.50
2006  01  0.97
2006  02  -1.02
2006  03  -1.75
2006  04  1.20
2006  05  -1.01
2006  06  1.15
2006  07  0.93
2006  08  -2.35
2006  09  -1.43
2006  10  -1.92
2006  11  0.33
2006  12  1.15
2007  01  -0.25
2007  02  -0.98
2007  03  1.11
2007  04  0.04
2007  05  0.66
2007  06  -1.01
2007  07  -0.55
2007  08  -0.31
2007  09  0.85
2007  10  1.00
2007  11  0.48
2007  12  0.23
2008  01  0.53
2008  02  0.38
2008  03  -0.32
2008  04  -1.31
2008  05  -1.55
2008  06  -1.09
2008  07  -1.24
2008  08  -1.62
2008  09  1.14
2008  10  0.47
2008  11  -0.47
2008  12  -0.35
2009  01  -0.52
2009  02  -0.38
2009  03  0.19
2009  04  -0.36
2009  05  1.61
2009  06  -0.91
2009  07  -2.11
2009  08  -0.37
2009  09  1.62
2009  10  -0.61
2009  11  -0.16
2009  12  -1.88
2010  01  -1.80
2010  02  -2.69
2010  03  -1.33
2010  04  -0.93
2010  05  -1.33
2010  06  -0.52
2010  07  -0.39
2010  08  -1.69
2010  09  -0.62
2010  10  -0.50
2010  11  -1.84
2010  12  -1.80
2011  01  -1.53
2011  02  0.35
2011  03  0.24
2011  04  2.55
2011  05  -0.01
2011  06  -0.98
2011  07  -1.48
2011  08  -1.85
2011  09  0.67
2011  10  0.94
2011  11  1.30
2011  12  2.25
2012  01  0.86
2012  02  0.03
2012  03  0.93
2012  04  0.37
2012  05  -0.79
2012  06  -2.25
2012  07  -1.29
2012  08  -1.39
2012  09  -0.43
2012  10  -1.73
2012  11  -0.74
2012  12  0.07
2013  01  -0.11
2013  02  -0.96
2013  03  -2.09
2013  04  0.60
2013  05  0.58
2013  06  0.83
2013  07  0.70
2013  08  1.12
2013  09  0.38
2013  10  -0.88
2013  11  0.81
2013  12  0.79
2014  01  -0.17
2014  02  1.07
2014  03  0.44
2014  04  0.19
2014  05  -0.80
2014  06  -0.67
2014  07  0.21
2014  08  -2.28
2014  09  1.72
2014  10  -0.87
2014  11  0.58
2014  12  1.63
2015  01  1.57
2015  02  1.05
2015  03  1.12
2015  04  0.64
2015  05  0.19
2015  06  0.24
2015  07  -3.14
2015  08  -1.10
2015  09  -0.49
2015  10  0.99
2015  11  1.70
2015  12  1.99
2016  01  -0.37
2016  02  1.35
2016  03  0.37
2016  04  0.26
2016  05  -0.67
2016  06  -0.13
2016  07  -1.72
2016  08  -2.24
2016  09  0.74
2016  10  0.96
2016  11  -0.31
2016  12  0.35
2017  01  0.05
2017  02  0.69
2017  03  0.37
2017  04  1.74
2017  05  -1.72
2017  06  0.35
2017  07  1.28
2017  08  -1.53
2017  09  -0.45
2017  10  0.71
2017  11  -0.14
2017  12  0.73
2018  01  1.17
2018  02  1.34
2018  03  -1.38
2018  04  1.20
2018  05  2.02
2018  06  1.41
2018  07  1.42
2018  08  2.40
2018  09  1.78
2018  10  1.53
2018  11  -0.25
2018  12  0.48
2019  01  0.18
2019  02  -0.11
2019  03  0.89
2019  04  0.36
2019  05  -2.38
2019  06  -0.79
2019  07  -1.39
2019  08  -1.62
2019  09  -0.01
2019  10  -1.03
2019  11  0.16
2019  12  1.02
